{
 "cells": [
  {
   "cell_type": "code",
   "execution_count": 20,
   "metadata": {
    "collapsed": false
   },
   "outputs": [],
   "source": [
    "#from jupyterthemes import get_themes\n",
    "#import jupyterthemes as jt\n",
    "#from jupyterthemes.stylefx import set_nb_theme\n",
    "# uncomment and execute line to try a new theme\n",
    "#set_nb_theme('solarizedl')"
   ]
  },
  {
   "cell_type": "markdown",
   "metadata": {},
   "source": [
    "## Reading data from the files"
   ]
  },
  {
   "cell_type": "code",
   "execution_count": 21,
   "metadata": {
    "collapsed": false
   },
   "outputs": [
    {
     "name": "stdout",
     "output_type": "stream",
     "text": [
      "(20, 20)\n"
     ]
    }
   ],
   "source": [
    "import numpy as np\n",
    "import matplotlib.pyplot as plt\n",
    "from matplotlib.legend_handler import HandlerLine2D\n",
    "from numpy.linalg import inv\n",
    "cov = (np.genfromtxt('DS1_Cov.txt', delimiter=',',dtype=float))[:,:-1]\n",
    "m0  = (np.genfromtxt('DS1_m_0.txt', delimiter=',',dtype=float))[:-1]\n",
    "m1  = (np.genfromtxt('DS1_m_1.txt', delimiter=',', dtype=float))[:-1]\n",
    "m0  =  np.array(m0).reshape(m0.shape[0],1)\n",
    "m1  =  np.array(m1).reshape(m1.shape[0],1)\n",
    "print cov.shape\n"
   ]
  },
  {
   "cell_type": "code",
   "execution_count": 22,
   "metadata": {
    "collapsed": false
   },
   "outputs": [
    {
     "name": "stdout",
     "output_type": "stream",
     "text": [
      "600\n",
      "(2000, 20)\n"
     ]
    }
   ],
   "source": [
    "## generating data\n",
    "x0 = np.random.multivariate_normal(m0.reshape(20), cov, 2000)\n",
    "x1 = np.random.multivariate_normal(m1.reshape(20), cov, 2000)\n",
    "threshold = int(x0.shape[0]*0.3)\n",
    "print threshold\n",
    "print x1.shape"
   ]
  },
  {
   "cell_type": "code",
   "execution_count": 23,
   "metadata": {
    "collapsed": false
   },
   "outputs": [
    {
     "name": "stdout",
     "output_type": "stream",
     "text": [
      "(1200, 20)\n",
      "(2800, 20)\n",
      "600\n"
     ]
    }
   ],
   "source": [
    "## making training set and test with 2 classes, 1400 for each of classes in training set\n",
    "## and 600 for each class in the test-set\n",
    "index0= np.random.permutation(x0.shape[0])\n",
    "index1= np.random.permutation(x1.shape[0])\n",
    "\n",
    "train  = np.concatenate([x0[index0[threshold:]],x1[index1[threshold:]]]);\n",
    "test   = np.concatenate([x0[index0[:threshold]],x1[index1[:threshold]]]);\n",
    "\n",
    "\n",
    "print test.shape\n",
    "print train.shape\n",
    "print threshold\n"
   ]
  },
  {
   "cell_type": "markdown",
   "metadata": {},
   "source": [
    "## LDA"
   ]
  },
  {
   "cell_type": "code",
   "execution_count": 24,
   "metadata": {
    "collapsed": false
   },
   "outputs": [
    {
     "name": "stdout",
     "output_type": "stream",
     "text": [
      "Sigma is :\n",
      "[[ 8.15083295  5.65890686  6.32261848  5.35483746  6.16473836  6.27235078\n",
      "   4.87208109  5.53917397  5.14405381  5.38555578  4.14965197  5.44314411\n",
      "   7.33833368  6.21901957  6.26900932  6.16964337  6.00957471  5.87191063\n",
      "   5.79183442  6.18260699]\n",
      " [ 5.65890686  6.91202138  5.48757058  4.45775075  5.64737392  5.65707459\n",
      "   4.44657216  4.01432659  4.28191842  5.110431    3.52809644  4.72059647\n",
      "   6.07853688  5.24169078  5.56934146  5.42182757  5.7561272   5.21116155\n",
      "   5.4584279   5.55135937]\n",
      " [ 6.32261848  5.48757058  7.43563527  4.9969448   6.0099351   6.70354446\n",
      "   4.69519591  4.88333988  4.9745947   5.18845865  3.41324246  4.7634229\n",
      "   6.53440141  5.33148811  6.18968723  6.12692966  6.37023234  5.14242651\n",
      "   4.82813409  5.29457613]\n",
      " [ 5.35483746  4.45775075  4.9969448   6.00372781  5.590884    4.58035744\n",
      "   3.8898969   4.50353494  3.52780028  4.3703463   2.96075365  4.35889696\n",
      "   6.08798552  5.0018949   4.93738554  5.28728317  4.87012722  4.75501996\n",
      "   4.09412383  5.99941586]\n",
      " [ 6.16473836  5.64737392  6.0099351   5.590884    7.4216568   5.58906461\n",
      "   5.23730615  4.57647649  4.87840048  5.35737308  4.36280245  5.23467678\n",
      "   6.59928538  6.15677932  6.19054072  6.47126416  6.17351731  5.42169801\n",
      "   5.64395828  6.17851402]\n",
      " [ 6.27235078  5.65707459  6.70354446  4.58035744  5.58906461  6.82775243\n",
      "   4.53551618  4.90643305  4.83469778  5.3939175   3.11296098  4.89311553\n",
      "   6.50974098  5.11341211  5.89085129  6.09973247  6.0348295   5.08362494\n",
      "   4.89154338  5.38362507]\n",
      " [ 4.87208109  4.44657216  4.69519591  3.8898969   5.23730615  4.53551618\n",
      "   5.22581685  4.01383373  4.03783615  4.43781558  3.17127465  4.47065774\n",
      "   4.92594488  4.36929712  4.86333203  5.45777207  4.44727011  3.87628712\n",
      "   4.78592698  4.14323269]\n",
      " [ 5.53917397  4.01432659  4.88333988  4.50353494  4.57647649  4.90643305\n",
      "   4.01383373  6.01906196  3.64631897  4.9437766   2.67825085  4.96940716\n",
      "   6.21962586  5.30062594  4.97404649  6.27149528  4.62355058  5.03946293\n",
      "   4.91679182  4.56899738]\n",
      " [ 5.14405381  4.28191842  4.9745947   3.52780028  4.87840048  4.83469778\n",
      "   4.03783615  3.64631897  5.02419026  4.77674139  3.2763865   4.18020491\n",
      "   5.2978977   4.84985223  5.00448688  5.23365455  5.20536018  4.2141279\n",
      "   4.38986576  4.34533193]\n",
      " [ 5.38555578  5.110431    5.18845865  4.3703463   5.35737308  5.3939175\n",
      "   4.43781558  4.9437766   4.77674139  7.13610269  3.49236738  4.83273138\n",
      "   7.0268541   5.39167764  5.17351525  6.10497751  4.90641629  5.39976153\n",
      "   4.70798051  5.57988424]\n",
      " [ 4.14965197  3.52809644  3.41324246  2.96075365  4.36280245  3.11296098\n",
      "   3.17127465  2.67825085  3.2763865   3.49236738  3.56299476  3.08062406\n",
      "   4.00597624  4.15690878  3.73913652  3.82497888  3.81044887  3.39766691\n",
      "   3.96211885  3.76528411]\n",
      " [ 5.44314411  4.72059647  4.7634229   4.35889696  5.23467678  4.89311553\n",
      "   4.47065774  4.96940716  4.18020491  4.83273138  3.08062406  5.40446738\n",
      "   6.18037862  5.22968768  4.9706477   5.75569575  5.16959968  5.04145445\n",
      "   5.19845338  4.73950355]\n",
      " [ 7.33833368  6.07853688  6.53440141  6.08798552  6.59928538  6.50974098\n",
      "   4.92594488  6.21962586  5.2978977   7.0268541   4.00597624  6.18037862\n",
      "   9.3339685   6.51822689  6.45887262  6.82709098  6.19731827  6.53495086\n",
      "   6.07890717  7.61259374]\n",
      " [ 6.21901957  5.24169078  5.33148811  5.0018949   6.15677932  5.11341211\n",
      "   4.36929712  5.30062594  4.84985223  5.39167764  4.15690878  5.22968768\n",
      "   6.51822689  7.16050917  6.00397746  6.4148511   5.91928797  5.82120285\n",
      "   6.10880091  5.71924986]\n",
      " [ 6.26900932  5.56934146  6.18968723  4.93738554  6.19054072  5.89085129\n",
      "   4.86333203  4.97404649  5.00448688  5.17351525  3.73913652  4.9706477\n",
      "   6.45887262  6.00397746  7.00358357  7.23517888  5.91946129  5.28659692\n",
      "   5.60086566  5.91815178]\n",
      " [ 6.16964337  5.42182757  6.12692966  5.28728317  6.47126416  6.09973247\n",
      "   5.45777207  6.27149528  5.23365455  6.10497751  3.82497888  5.75569575\n",
      "   6.82709098  6.4148511   7.23517888  9.39238196  6.0338821   6.08132164\n",
      "   5.88523013  6.12398398]\n",
      " [ 6.00957471  5.7561272   6.37023234  4.87012722  6.17351731  6.0348295\n",
      "   4.44727011  4.62355058  5.20536018  4.90641629  3.81044887  5.16959968\n",
      "   6.19731827  5.91928797  5.91946129  6.0338821   6.89300942  5.36241628\n",
      "   5.48348383  5.24203004]\n",
      " [ 5.87191063  5.21116155  5.14242651  4.75501996  5.42169801  5.08362494\n",
      "   3.87628712  5.03946293  4.2141279   5.39976153  3.39766691  5.04145445\n",
      "   6.53495086  5.82120285  5.28659692  6.08132164  5.36241628  6.09117852\n",
      "   5.04123402  5.34435027]\n",
      " [ 5.79183442  5.4584279   4.82813409  4.09412383  5.64395828  4.89154338\n",
      "   4.78592698  4.91679182  4.38986576  4.70798051  3.96211885  5.19845338\n",
      "   6.07890717  6.10880091  5.60086566  5.88523013  5.48348383  5.04123402\n",
      "   6.52547383  5.14591753]\n",
      " [ 6.18260699  5.55135937  5.29457613  5.99941586  6.17851402  5.38362507\n",
      "   4.14323269  4.56899738  4.34533193  5.57988424  3.76528411  4.73950355\n",
      "   7.61259374  5.71924986  5.91815178  6.12398398  5.24203004  5.34435027\n",
      "   5.14591753  8.23287744]]\n",
      "u1 is: \n",
      "[ 1.27616376  1.29611119  1.29320145  1.26782176  1.27312053  1.28689671\n",
      "  1.29164696  1.27253481  1.26116059  1.21755802  1.29926018  1.30582315\n",
      "  1.23525929  1.28161221  1.24150114  1.21677955  1.3143997   1.25414375\n",
      "  1.31251999  1.2325964 ]\n",
      "u2 is:\n",
      "[ 2.03003374  1.96416919  2.01872922  2.00876231  1.96922492  2.01962596\n",
      "  2.01980803  2.03267453  2.02826633  1.98688633  1.96843734  2.00857625\n",
      "  1.98474858  1.96759779  2.00451459  2.03596668  2.00950468  1.97391224\n",
      "  1.96929786  1.97143288]\n"
     ]
    }
   ],
   "source": [
    "sigma = 0.5;\n",
    "N1 = index0[threshold:].shape[0]\n",
    "N2 = x1[index1[threshold:]].shape[0]\n",
    "N  = N1+N2\n",
    "u1 =    np.sum(x0[index0[threshold:]], axis=0)/N1\n",
    "u2 =    np.sum(x1[index0[threshold:]], axis=0)/N2\n",
    "\n",
    "temp = x0[index0[threshold:]];\n",
    "S1   = np.dot((temp-u1).T,(temp-u1))/N1\n",
    "temp = x1[index1[threshold:]];\n",
    "S2   = np.dot((temp-u2).T,(temp-u2))/N2\n",
    "Sigma= (float(N1)/N)*S1 + (float(N2)/N)*S2\n",
    "\n",
    "#print np.dot((temp[0:10,:]-u1).reshape(20,1),(temp[0:10,:]-u1).reshape(20,1).T)\n",
    "#print np.dot((temp[:20,:]-u1).T,(temp[:20,:]-u1))\n",
    "\n",
    "myX0 = np.random.multivariate_normal(u1.reshape(20), Sigma, 2000)\n",
    "myX1 = np.random.multivariate_normal(u2.reshape(20), Sigma, 2000)\n",
    "\n",
    "\n",
    "trainY = np.array(np.ones(N1+N2))\n",
    "trainY[N1:] = -1;\n",
    "testY = np.array(np.ones(threshold*2))\n",
    "testY[threshold:] = -1;\n",
    "\n",
    "print \"Sigma is :\\n\", Sigma\n",
    "print \"u1 is: \\n\",u1\n",
    "print \"u2 is:\\n\",u2"
   ]
  },
  {
   "cell_type": "markdown",
   "metadata": {},
   "source": [
    "### Computing error of training set"
   ]
  },
  {
   "cell_type": "code",
   "execution_count": 25,
   "metadata": {
    "collapsed": true,
    "scrolled": true
   },
   "outputs": [],
   "source": [
    "from numpy.linalg import inv\n",
    "\n",
    "w   =     np.dot(inv(Sigma),(u1-u2))\n",
    "w0 = -0.5*np.dot(np.dot(u1,inv(Sigma)),u1) + 0.5*np.dot(np.dot(u2,inv(Sigma)),u2)\n",
    "\n",
    "a       = np.dot(train,w) +w0\n",
    "softmax = 1./ (1.+np.exp(-a))\n",
    "\n",
    "result = softmax >0.5\n",
    "result = (result-0.5)*2\n",
    "compare = trainY == result\n"
   ]
  },
  {
   "cell_type": "markdown",
   "metadata": {},
   "source": [
    "### Cmomputing accuracies"
   ]
  },
  {
   "cell_type": "code",
   "execution_count": 26,
   "metadata": {
    "collapsed": false,
    "scrolled": false
   },
   "outputs": [
    {
     "name": "stdout",
     "output_type": "stream",
     "text": [
      "Confusion Matrix is: \n",
      "[[1342   63]\n",
      " [  58 1337]] \n",
      "\n",
      "Accuracy is:\n",
      "0.956785714286 \n",
      "\n",
      "Percision is:\n",
      "0.955160142349 \n",
      "\n",
      "Recall is:\n",
      "0.958571428571 \n",
      "\n",
      "F1 is:\n",
      "0.478431372549 \n",
      "\n"
     ]
    }
   ],
   "source": [
    "TP = np.count_nonzero((result==1) & (trainY==1))\n",
    "TN = np.count_nonzero((result==-1) & (trainY==-1))\n",
    "FP = np.count_nonzero((result==1) & (trainY==-1))\n",
    "FN = np.count_nonzero((result==-1) & (trainY==1))\n",
    "\n",
    "confusionMatrix = np.array([[TP,FP],[FN,TN]])\n",
    "print \"Confusion Matrix is: \\n\" , confusionMatrix ,'\\n'\n",
    "\n",
    "Accuracy  = float((TP+TN))/(TP+TN + FP+FN)\n",
    "Percision = float(TP) / (TP+FP) \n",
    "Recall    = float(TP) / (TP+FN) \n",
    "F1        = Percision*Recall / (Percision +Recall)\n",
    "print \"Accuracy is:\\n\", Accuracy ,'\\n'\n",
    "print \"Percision is:\\n\", Percision ,'\\n'\n",
    "print \"Recall is:\\n\", Recall ,'\\n'\n",
    "print \"F1 is:\\n\", F1 ,'\\n'"
   ]
  },
  {
   "cell_type": "markdown",
   "metadata": {},
   "source": [
    "## Writing DS1.csv"
   ]
  },
  {
   "cell_type": "code",
   "execution_count": 27,
   "metadata": {
    "collapsed": false
   },
   "outputs": [
    {
     "name": "stdout",
     "output_type": "stream",
     "text": [
      "(1200, 20)\n",
      "(1200, 1)\n"
     ]
    }
   ],
   "source": [
    "print test.shape\n",
    "print testY.reshape(testY.shape[0],1).shape\n",
    "\n",
    "DS1 = np.concatenate((test, testY.reshape(testY.shape[0],1)), axis=1)\n",
    "np.savetxt('DS1.csv', DS1, delimiter=',')"
   ]
  },
  {
   "cell_type": "markdown",
   "metadata": {},
   "source": [
    "## W and W0"
   ]
  },
  {
   "cell_type": "code",
   "execution_count": 28,
   "metadata": {
    "collapsed": false
   },
   "outputs": [
    {
     "name": "stdout",
     "output_type": "stream",
     "text": [
      "w0 is: \n",
      "27.1192869684\n",
      "\n",
      "w is \n",
      "[ 14.40067028  -8.64828269  -5.2847195   -2.80716295  -9.50482265\n",
      "  -4.36677786  16.25109829 -24.30298783 -28.8219005    9.35841128\n",
      " -13.20755698 -11.96483205  15.24318808  12.63667068  -5.70866908\n",
      "  13.08327162  28.90864996  -6.77854699   0.17432775  -5.14987573]\n"
     ]
    }
   ],
   "source": [
    "print \"w0 is: \\n\", w0\n",
    "print\n",
    "print \"w is \\n\", w"
   ]
  },
  {
   "cell_type": "markdown",
   "metadata": {},
   "source": [
    "## Evaluating on testset"
   ]
  },
  {
   "cell_type": "code",
   "execution_count": 35,
   "metadata": {
    "collapsed": false
   },
   "outputs": [
    {
     "name": "stdout",
     "output_type": "stream",
     "text": [
      "Confusion Matrix is: \n",
      "[[580  33]\n",
      " [ 20 567]] \n",
      "\n",
      "Accuracy is:\n",
      "0.955833333333 \n",
      "\n",
      "Percision is:\n",
      "0.94616639478 \n",
      "\n",
      "Recall is:\n",
      "0.966666666667 \n",
      "\n",
      "F1 is:\n",
      "0.478153338829 \n",
      "\n"
     ]
    }
   ],
   "source": [
    "a       = np.dot(test,w) +w0\n",
    "softmax = 1./ (1.+np.exp(-a))\n",
    "\n",
    "result = softmax >0.5\n",
    "result = (result-0.5)*2\n",
    "compare = testY == result\n",
    "\n",
    "\n",
    "\n",
    "TP = np.count_nonzero((result==1) & (testY==1))\n",
    "TN = np.count_nonzero((result==-1) & (testY==-1))\n",
    "FP = np.count_nonzero((result==1) & (testY==-1))\n",
    "FN = np.count_nonzero((result==-1) & (testY==1))\n",
    "\n",
    "confusionMatrix = np.array([[TP,FP],[FN,TN]])\n",
    "\n",
    "Accuracy  = float((TP+TN))/(TP+TN + FP+FN)\n",
    "Percision = float(TP) / (TP+FP) \n",
    "Recall    = float(TP) / (TP+FN) \n",
    "F1        = Percision*Recall / (Percision +Recall)\n",
    "print \"Confusion Matrix is: \\n\" , confusionMatrix ,'\\n'\n",
    "print \"Accuracy is:\\n\", Accuracy ,'\\n'\n",
    "print \"Percision is:\\n\", Percision ,'\\n'\n",
    "print \"Recall is:\\n\", Recall ,'\\n'\n",
    "print \"F1 is:\\n\", F1 ,'\\n'"
   ]
  },
  {
   "cell_type": "markdown",
   "metadata": {},
   "source": [
    "## KNN"
   ]
  },
  {
   "cell_type": "code",
   "execution_count": 29,
   "metadata": {
    "collapsed": true
   },
   "outputs": [],
   "source": [
    "def myKNN(K):\n",
    "    dist     = np.zeros([test.shape[0],K],dtype=float)\n",
    "    indexArr = np.zeros([test.shape[0],K],dtype=int)\n",
    "    resultKNN   = np.zeros([test.shape[0],1],dtype=int)\n",
    "    targets = [1,-1]\n",
    "    for i in range(test.shape[0]):\n",
    "        eucludian   = np.sqrt(np.sum((test[i]-train)**2,axis=1))\n",
    "        indexArr[i] = eucludian.argsort(axis=0)[:K];\n",
    "        dist[i]     = eucludian[indexArr[i]]\n",
    "        majority    = np.count_nonzero(trainY[indexArr[i]]==1)\n",
    "        resultKNN[i]   = targets[(2*majority -K )>0]\n",
    "    return resultKNN"
   ]
  },
  {
   "cell_type": "code",
   "execution_count": 30,
   "metadata": {
    "collapsed": true
   },
   "outputs": [],
   "source": [
    "def computeAccuracy(resultKNN,testY,showResults):\n",
    "    testY = testY.reshape(testY.shape[0],1);\n",
    "    TP = np.count_nonzero((resultKNN==1)  & (testY== 1))\n",
    "    TN = np.count_nonzero((resultKNN==-1) & (testY==-1))\n",
    "    FP = np.count_nonzero((resultKNN==1)  & (testY==-1))\n",
    "    FN = np.count_nonzero((resultKNN==-1) & (testY== 1))\n",
    "\n",
    "    confusionMatrix = np.array([[TP,FP],[FN,TN]])\n",
    "    \n",
    "\n",
    "    Accuracy  = float((TP+TN))/(TP+TN + FP+FN)*100\n",
    "    Percision = float(TP) / (TP+FP) *100\n",
    "    Recall    = float(TP) / (TP+FN) *100\n",
    "    F1        = Percision*Recall / (Percision +Recall)\n",
    "    if showResults:\n",
    "        print \"Confusion Matrix is: \\n\" , confusionMatrix \n",
    "        print \"Accuracy is:\\t\", Accuracy \n",
    "        print \"Percision is:\\t\", Percision \n",
    "        print \"Recall is:\\t\", Recall \n",
    "        print \"F1 score is:\\t\", F1\n",
    "    return [confusionMatrix,Accuracy,Percision,Recall,F1]"
   ]
  },
  {
   "cell_type": "code",
   "execution_count": 31,
   "metadata": {
    "collapsed": false
   },
   "outputs": [
    {
     "name": "stdout",
     "output_type": "stream",
     "text": [
      "...............  K=1  ...............\n",
      "Confusion Matrix is: \n",
      "[[292 329]\n",
      " [308 271]]\n",
      "Accuracy is:\t46.9166666667\n",
      "Percision is:\t47.0209339775\n",
      "Recall is:\t48.6666666667\n",
      "F1 score is:\t23.9148239148\n",
      "...............  K=3  ...............\n",
      "Confusion Matrix is: \n",
      "[[302 330]\n",
      " [298 270]]\n",
      "Accuracy is:\t47.6666666667\n",
      "Percision is:\t47.7848101266\n",
      "Recall is:\t50.3333333333\n",
      "F1 score is:\t24.512987013\n",
      "...............  K=5  ...............\n",
      "Confusion Matrix is: \n",
      "[[299 338]\n",
      " [301 262]]\n",
      "Accuracy is:\t46.75\n",
      "Percision is:\t46.9387755102\n",
      "Recall is:\t49.8333333333\n",
      "F1 score is:\t24.1713823767\n",
      "...............  K=7  ...............\n",
      "Confusion Matrix is: \n",
      "[[291 325]\n",
      " [309 275]]\n",
      "Accuracy is:\t47.1666666667\n",
      "Percision is:\t47.2402597403\n",
      "Recall is:\t48.5\n",
      "F1 score is:\t23.9309210526\n",
      "...............  K=9  ...............\n",
      "Confusion Matrix is: \n",
      "[[287 326]\n",
      " [313 274]]\n",
      "Accuracy is:\t46.75\n",
      "Percision is:\t46.8189233279\n",
      "Recall is:\t47.8333333333\n",
      "F1 score is:\t23.660346249\n",
      "...............  K=11  ...............\n",
      "Confusion Matrix is: \n",
      "[[283 344]\n",
      " [317 256]]\n",
      "Accuracy is:\t44.9166666667\n",
      "Percision is:\t45.1355661882\n",
      "Recall is:\t47.1666666667\n",
      "F1 score is:\t23.0643846781\n",
      "...............  K=13  ...............\n",
      "Confusion Matrix is: \n",
      "[[286 342]\n",
      " [314 258]]\n",
      "Accuracy is:\t45.3333333333\n",
      "Percision is:\t45.5414012739\n",
      "Recall is:\t47.6666666667\n",
      "F1 score is:\t23.2899022801\n",
      "...............  K=15  ...............\n",
      "Confusion Matrix is: \n",
      "[[287 335]\n",
      " [313 265]]\n",
      "Accuracy is:\t46.0\n",
      "Percision is:\t46.1414790997\n",
      "Recall is:\t47.8333333333\n",
      "F1 score is:\t23.4860883797\n",
      "...............  K=17  ...............\n",
      "Confusion Matrix is: \n",
      "[[283 336]\n",
      " [317 264]]\n",
      "Accuracy is:\t45.5833333333\n",
      "Percision is:\t45.718901454\n",
      "Recall is:\t47.1666666667\n",
      "F1 score is:\t23.2157506153\n",
      "...............  K=19  ...............\n",
      "Confusion Matrix is: \n",
      "[[276 343]\n",
      " [324 257]]\n",
      "Accuracy is:\t44.4166666667\n",
      "Percision is:\t44.5880452342\n",
      "Recall is:\t46.0\n",
      "F1 score is:\t22.641509434\n",
      "...............  K=21  ...............\n",
      "Confusion Matrix is: \n",
      "[[279 341]\n",
      " [321 259]]\n",
      "Accuracy is:\t44.8333333333\n",
      "Percision is:\t45.0\n",
      "Recall is:\t46.5\n",
      "F1 score is:\t22.868852459\n",
      "...............  K=23  ...............\n",
      "Confusion Matrix is: \n",
      "[[274 327]\n",
      " [326 273]]\n",
      "Accuracy is:\t45.5833333333\n",
      "Percision is:\t45.5906821963\n",
      "Recall is:\t45.6666666667\n",
      "F1 score is:\t22.8143213988\n",
      "...............  K=25  ...............\n",
      "Confusion Matrix is: \n",
      "[[266 339]\n",
      " [334 261]]\n",
      "Accuracy is:\t43.9166666667\n",
      "Percision is:\t43.9669421488\n",
      "Recall is:\t44.3333333333\n",
      "F1 score is:\t22.0746887967\n",
      "...............  K=27  ...............\n",
      "Confusion Matrix is: \n",
      "[[273 341]\n",
      " [327 259]]\n",
      "Accuracy is:\t44.3333333333\n",
      "Percision is:\t44.4625407166\n",
      "Recall is:\t45.5\n",
      "F1 score is:\t22.4876441516\n",
      "...............  K=29  ...............\n",
      "Confusion Matrix is: \n",
      "[[268 346]\n",
      " [332 254]]\n",
      "Accuracy is:\t43.5\n",
      "Percision is:\t43.6482084691\n",
      "Recall is:\t44.6666666667\n",
      "F1 score is:\t22.0757825371\n",
      "...............  K=31  ...............\n",
      "Confusion Matrix is: \n",
      "[[278 352]\n",
      " [322 248]]\n",
      "Accuracy is:\t43.8333333333\n",
      "Percision is:\t44.126984127\n",
      "Recall is:\t46.3333333333\n",
      "F1 score is:\t22.6016260163\n",
      "...............  K=33  ...............\n",
      "Confusion Matrix is: \n",
      "[[277 344]\n",
      " [323 256]]\n",
      "Accuracy is:\t44.4166666667\n",
      "Percision is:\t44.6054750403\n",
      "Recall is:\t46.1666666667\n",
      "F1 score is:\t22.6863226863\n",
      "...............  K=35  ...............\n",
      "Confusion Matrix is: \n",
      "[[275 356]\n",
      " [325 244]]\n",
      "Accuracy is:\t43.25\n",
      "Percision is:\t43.5816164818\n",
      "Recall is:\t45.8333333333\n",
      "F1 score is:\t22.3395613323\n",
      "...............  K=37  ...............\n",
      "Confusion Matrix is: \n",
      "[[276 353]\n",
      " [324 247]]\n",
      "Accuracy is:\t43.5833333333\n",
      "Percision is:\t43.8791732909\n",
      "Recall is:\t46.0\n",
      "F1 score is:\t22.4572823434\n",
      "...............  K=39  ...............\n",
      "Confusion Matrix is: \n",
      "[[278 352]\n",
      " [322 248]]\n",
      "Accuracy is:\t43.8333333333\n",
      "Percision is:\t44.126984127\n",
      "Recall is:\t46.3333333333\n",
      "F1 score is:\t22.6016260163\n",
      "...............  K=41  ...............\n",
      "Confusion Matrix is: \n",
      "[[279 347]\n",
      " [321 253]]\n",
      "Accuracy is:\t44.3333333333\n",
      "Percision is:\t44.5686900958\n",
      "Recall is:\t46.5\n",
      "F1 score is:\t22.7569331158\n",
      "...............  K=43  ...............\n",
      "Confusion Matrix is: \n",
      "[[282 363]\n",
      " [318 237]]\n",
      "Accuracy is:\t43.25\n",
      "Percision is:\t43.7209302326\n",
      "Recall is:\t47.0\n",
      "F1 score is:\t22.6506024096\n",
      "...............  K=45  ...............\n",
      "Confusion Matrix is: \n",
      "[[277 356]\n",
      " [323 244]]\n",
      "Accuracy is:\t43.4166666667\n",
      "Percision is:\t43.7598736177\n",
      "Recall is:\t46.1666666667\n",
      "F1 score is:\t22.4655312247\n",
      "...............  K=47  ...............\n",
      "Confusion Matrix is: \n",
      "[[272 355]\n",
      " [328 245]]\n",
      "Accuracy is:\t43.0833333333\n",
      "Percision is:\t43.3811802233\n",
      "Recall is:\t45.3333333333\n",
      "F1 score is:\t22.1678891606\n",
      "...............  K=49  ...............\n",
      "Confusion Matrix is: \n",
      "[[279 361]\n",
      " [321 239]]\n",
      "Accuracy is:\t43.1666666667\n",
      "Percision is:\t43.59375\n",
      "Recall is:\t46.5\n",
      "F1 score is:\t22.5\n",
      "...............  K=51  ...............\n",
      "Confusion Matrix is: \n",
      "[[284 354]\n",
      " [316 246]]\n",
      "Accuracy is:\t44.1666666667\n",
      "Percision is:\t44.5141065831\n",
      "Recall is:\t47.3333333333\n",
      "F1 score is:\t22.9402261712\n",
      "...............  K=53  ...............\n",
      "Confusion Matrix is: \n",
      "[[282 354]\n",
      " [318 246]]\n",
      "Accuracy is:\t44.0\n",
      "Percision is:\t44.3396226415\n",
      "Recall is:\t47.0\n",
      "F1 score is:\t22.8155339806\n",
      "...............  K=55  ...............\n",
      "Confusion Matrix is: \n",
      "[[288 357]\n",
      " [312 243]]\n",
      "Accuracy is:\t44.25\n",
      "Percision is:\t44.6511627907\n",
      "Recall is:\t48.0\n",
      "F1 score is:\t23.1325301205\n",
      "...............  K=57  ...............\n",
      "Confusion Matrix is: \n",
      "[[280 361]\n",
      " [320 239]]\n",
      "Accuracy is:\t43.25\n",
      "Percision is:\t43.6817472699\n",
      "Recall is:\t46.6666666667\n",
      "F1 score is:\t22.5624496374\n",
      "...............  K=59  ...............\n",
      "Confusion Matrix is: \n",
      "[[277 361]\n",
      " [323 239]]\n",
      "Accuracy is:\t43.0\n",
      "Percision is:\t43.4169278997\n",
      "Recall is:\t46.1666666667\n",
      "F1 score is:\t22.3747980614\n",
      "...............  K=61  ...............\n",
      "Confusion Matrix is: \n",
      "[[275 359]\n",
      " [325 241]]\n",
      "Accuracy is:\t43.0\n",
      "Percision is:\t43.3753943218\n",
      "Recall is:\t45.8333333333\n",
      "F1 score is:\t22.2852512156\n",
      "...............  K=63  ...............\n",
      "Confusion Matrix is: \n",
      "[[277 364]\n",
      " [323 236]]\n",
      "Accuracy is:\t42.75\n",
      "Percision is:\t43.2137285491\n",
      "Recall is:\t46.1666666667\n",
      "F1 score is:\t22.3207091056\n",
      "...............  K=65  ...............\n",
      "Confusion Matrix is: \n",
      "[[275 368]\n",
      " [325 232]]\n",
      "Accuracy is:\t42.25\n",
      "Percision is:\t42.768273717\n",
      "Recall is:\t45.8333333333\n",
      "F1 score is:\t22.1238938053\n",
      "...............  K=67  ...............\n",
      "Confusion Matrix is: \n",
      "[[276 365]\n",
      " [324 235]]\n",
      "Accuracy is:\t42.5833333333\n",
      "Percision is:\t43.0577223089\n",
      "Recall is:\t46.0\n",
      "F1 score is:\t22.2401289283\n",
      "...............  K=69  ...............\n",
      "Confusion Matrix is: \n",
      "[[271 370]\n",
      " [329 230]]\n",
      "Accuracy is:\t41.75\n",
      "Percision is:\t42.2776911076\n",
      "Recall is:\t45.1666666667\n",
      "F1 score is:\t21.8372280419\n",
      "...............  K=71  ...............\n",
      "Confusion Matrix is: \n",
      "[[276 369]\n",
      " [324 231]]\n",
      "Accuracy is:\t42.25\n",
      "Percision is:\t42.7906976744\n",
      "Recall is:\t46.0\n",
      "F1 score is:\t22.1686746988\n",
      "...............  K=73  ...............\n",
      "Confusion Matrix is: \n",
      "[[276 368]\n",
      " [324 232]]\n",
      "Accuracy is:\t42.3333333333\n",
      "Percision is:\t42.8571428571\n",
      "Recall is:\t46.0\n",
      "F1 score is:\t22.1864951768\n",
      "...............  K=75  ...............\n",
      "Confusion Matrix is: \n",
      "[[275 368]\n",
      " [325 232]]\n",
      "Accuracy is:\t42.25\n",
      "Percision is:\t42.768273717\n",
      "Recall is:\t45.8333333333\n",
      "F1 score is:\t22.1238938053\n",
      "...............  K=77  ...............\n",
      "Confusion Matrix is: \n",
      "[[275 369]\n",
      " [325 231]]\n",
      "Accuracy is:\t42.1666666667\n",
      "Percision is:\t42.701863354\n",
      "Recall is:\t45.8333333333\n",
      "F1 score is:\t22.1061093248\n",
      "...............  K=79  ...............\n",
      "Confusion Matrix is: \n",
      "[[270 376]\n",
      " [330 224]]\n",
      "Accuracy is:\t41.1666666667\n",
      "Percision is:\t41.7956656347\n",
      "Recall is:\t45.0\n",
      "F1 score is:\t21.6693418941\n",
      "...............  K=81  ...............\n",
      "Confusion Matrix is: \n",
      "[[275 377]\n",
      " [325 223]]\n",
      "Accuracy is:\t41.5\n",
      "Percision is:\t42.1779141104\n",
      "Recall is:\t45.8333333333\n",
      "F1 score is:\t21.96485623\n",
      "...............  K=83  ...............\n",
      "Confusion Matrix is: \n",
      "[[280 376]\n",
      " [320 224]]\n",
      "Accuracy is:\t42.0\n",
      "Percision is:\t42.6829268293\n",
      "Recall is:\t46.6666666667\n",
      "F1 score is:\t22.2929936306\n",
      "...............  K=85  ...............\n",
      "Confusion Matrix is: \n",
      "[[276 382]\n",
      " [324 218]]\n",
      "Accuracy is:\t41.1666666667\n",
      "Percision is:\t41.9452887538\n",
      "Recall is:\t46.0\n",
      "F1 score is:\t21.9395866455\n",
      "...............  K=87  ...............\n",
      "Confusion Matrix is: \n",
      "[[279 381]\n",
      " [321 219]]\n",
      "Accuracy is:\t41.5\n",
      "Percision is:\t42.2727272727\n",
      "Recall is:\t46.5\n",
      "F1 score is:\t22.1428571429\n",
      "...............  K=89  ...............\n",
      "Confusion Matrix is: \n",
      "[[280 379]\n",
      " [320 221]]\n",
      "Accuracy is:\t41.75\n",
      "Percision is:\t42.4886191199\n",
      "Recall is:\t46.6666666667\n",
      "F1 score is:\t22.239872915\n",
      "...............  K=91  ...............\n",
      "Confusion Matrix is: \n",
      "[[276 377]\n",
      " [324 223]]\n",
      "Accuracy is:\t41.5833333333\n",
      "Percision is:\t42.2664624809\n",
      "Recall is:\t46.0\n",
      "F1 score is:\t22.0271348763\n",
      "...............  K=93  ...............\n",
      "Confusion Matrix is: \n",
      "[[269 376]\n",
      " [331 224]]\n",
      "Accuracy is:\t41.0833333333\n",
      "Percision is:\t41.7054263566\n",
      "Recall is:\t44.8333333333\n",
      "F1 score is:\t21.6064257028\n",
      "...............  K=95  ...............\n",
      "Confusion Matrix is: \n",
      "[[269 376]\n",
      " [331 224]]\n",
      "Accuracy is:\t41.0833333333\n",
      "Percision is:\t41.7054263566\n",
      "Recall is:\t44.8333333333\n",
      "F1 score is:\t21.6064257028\n",
      "...............  K=97  ...............\n",
      "Confusion Matrix is: \n",
      "[[276 372]\n",
      " [324 228]]\n",
      "Accuracy is:\t42.0\n",
      "Percision is:\t42.5925925926\n",
      "Recall is:\t46.0\n",
      "F1 score is:\t22.1153846154\n",
      "...............  K=99  ...............\n",
      "Confusion Matrix is: \n",
      "[[277 375]\n",
      " [323 225]]\n",
      "Accuracy is:\t41.8333333333\n",
      "Percision is:\t42.4846625767\n",
      "Recall is:\t46.1666666667\n",
      "F1 score is:\t22.124600639\n",
      "...............  K=101  ...............\n",
      "Confusion Matrix is: \n",
      "[[281 373]\n",
      " [319 227]]\n",
      "Accuracy is:\t42.3333333333\n",
      "Percision is:\t42.9663608563\n",
      "Recall is:\t46.8333333333\n",
      "F1 score is:\t22.4082934609\n",
      "...............  K=103  ...............\n",
      "Confusion Matrix is: \n",
      "[[278 373]\n",
      " [322 227]]\n",
      "Accuracy is:\t42.0833333333\n",
      "Percision is:\t42.7035330261\n",
      "Recall is:\t46.3333333333\n",
      "F1 score is:\t22.2222222222\n",
      "...............  K=105  ...............\n",
      "Confusion Matrix is: \n",
      "[[278 369]\n",
      " [322 231]]\n",
      "Accuracy is:\t42.4166666667\n",
      "Percision is:\t42.9675425039\n",
      "Recall is:\t46.3333333333\n",
      "F1 score is:\t22.2935044106\n",
      "...............  K=107  ...............\n",
      "Confusion Matrix is: \n",
      "[[288 370]\n",
      " [312 230]]\n",
      "Accuracy is:\t43.1666666667\n",
      "Percision is:\t43.7689969605\n",
      "Recall is:\t48.0\n",
      "F1 score is:\t22.893481717\n",
      "...............  K=109  ...............\n",
      "Confusion Matrix is: \n",
      "[[285 370]\n",
      " [315 230]]\n",
      "Accuracy is:\t42.9166666667\n",
      "Percision is:\t43.5114503817\n",
      "Recall is:\t47.5\n",
      "F1 score is:\t22.7091633466\n",
      "...............  K=111  ...............\n",
      "Confusion Matrix is: \n",
      "[[283 374]\n",
      " [317 226]]\n",
      "Accuracy is:\t42.4166666667\n",
      "Percision is:\t43.0745814307\n",
      "Recall is:\t47.1666666667\n",
      "F1 score is:\t22.5139220366\n",
      "...............  K=113  ...............\n",
      "Confusion Matrix is: \n",
      "[[283 379]\n",
      " [317 221]]\n",
      "Accuracy is:\t42.0\n",
      "Percision is:\t42.749244713\n",
      "Recall is:\t47.1666666667\n",
      "F1 score is:\t22.4247226624\n",
      "...............  K=115  ...............\n",
      "Confusion Matrix is: \n",
      "[[281 378]\n",
      " [319 222]]\n",
      "Accuracy is:\t41.9166666667\n",
      "Percision is:\t42.6403641882\n",
      "Recall is:\t46.8333333333\n",
      "F1 score is:\t22.3193010326\n",
      "...............  K=117  ...............\n",
      "Confusion Matrix is: \n",
      "[[284 371]\n",
      " [316 229]]\n",
      "Accuracy is:\t42.75\n",
      "Percision is:\t43.358778626\n",
      "Recall is:\t47.3333333333\n",
      "F1 score is:\t22.6294820717\n",
      "...............  K=119  ...............\n",
      "Confusion Matrix is: \n",
      "[[283 364]\n",
      " [317 236]]\n",
      "Accuracy is:\t43.25\n",
      "Percision is:\t43.7403400309\n",
      "Recall is:\t47.1666666667\n",
      "F1 score is:\t22.6944667201\n",
      "...............  K=121  ...............\n",
      "Confusion Matrix is: \n",
      "[[286 371]\n",
      " [314 229]]\n",
      "Accuracy is:\t42.9166666667\n",
      "Percision is:\t43.5312024353\n",
      "Recall is:\t47.6666666667\n",
      "F1 score is:\t22.7525855211\n",
      "...............  K=123  ...............\n",
      "Confusion Matrix is: \n",
      "[[287 370]\n",
      " [313 230]]\n",
      "Accuracy is:\t43.0833333333\n",
      "Percision is:\t43.6834094368\n",
      "Recall is:\t47.8333333333\n",
      "F1 score is:\t22.8321400159\n",
      "...............  K=125  ...............\n",
      "Confusion Matrix is: \n",
      "[[281 376]\n",
      " [319 224]]\n",
      "Accuracy is:\t42.0833333333\n",
      "Percision is:\t42.7701674277\n",
      "Recall is:\t46.8333333333\n",
      "F1 score is:\t22.3548130469\n",
      "...............  K=127  ...............\n",
      "Confusion Matrix is: \n",
      "[[284 381]\n",
      " [316 219]]\n",
      "Accuracy is:\t41.9166666667\n",
      "Percision is:\t42.7067669173\n",
      "Recall is:\t47.3333333333\n",
      "F1 score is:\t22.4505928854\n",
      "...............  K=129  ...............\n",
      "Confusion Matrix is: \n",
      "[[283 376]\n",
      " [317 224]]\n",
      "Accuracy is:\t42.25\n",
      "Percision is:\t42.9438543247\n",
      "Recall is:\t47.1666666667\n",
      "F1 score is:\t22.4781572677\n",
      "...............  K=131  ...............\n",
      "Confusion Matrix is: \n",
      "[[276 378]\n",
      " [324 222]]\n",
      "Accuracy is:\t41.5\n",
      "Percision is:\t42.2018348624\n",
      "Recall is:\t46.0\n",
      "F1 score is:\t22.009569378\n",
      "...............  K=133  ...............\n",
      "Confusion Matrix is: \n",
      "[[280 378]\n",
      " [320 222]]\n",
      "Accuracy is:\t41.8333333333\n",
      "Percision is:\t42.5531914894\n",
      "Recall is:\t46.6666666667\n",
      "F1 score is:\t22.2575516693\n",
      "...............  K=135  ...............\n",
      "Confusion Matrix is: \n",
      "[[283 375]\n",
      " [317 225]]\n",
      "Accuracy is:\t42.3333333333\n",
      "Percision is:\t43.009118541\n",
      "Recall is:\t47.1666666667\n",
      "F1 score is:\t22.4960254372\n",
      "...............  K=137  ...............\n",
      "Confusion Matrix is: \n",
      "[[282 376]\n",
      " [318 224]]\n",
      "Accuracy is:\t42.1666666667\n",
      "Percision is:\t42.8571428571\n",
      "Recall is:\t47.0\n",
      "F1 score is:\t22.4165341812\n",
      "...............  K=139  ...............\n",
      "Confusion Matrix is: \n",
      "[[280 382]\n",
      " [320 218]]\n",
      "Accuracy is:\t41.5\n",
      "Percision is:\t42.2960725076\n",
      "Recall is:\t46.6666666667\n",
      "F1 score is:\t22.1870047544\n",
      "...............  K=141  ...............\n",
      "Confusion Matrix is: \n",
      "[[279 383]\n",
      " [321 217]]\n",
      "Accuracy is:\t41.3333333333\n",
      "Percision is:\t42.1450151057\n",
      "Recall is:\t46.5\n",
      "F1 score is:\t22.1077654517\n",
      "...............  K=143  ...............\n",
      "Confusion Matrix is: \n",
      "[[283 389]\n",
      " [317 211]]\n",
      "Accuracy is:\t41.1666666667\n",
      "Percision is:\t42.1130952381\n",
      "Recall is:\t47.1666666667\n",
      "F1 score is:\t22.248427673\n",
      "...............  K=145  ...............\n",
      "Confusion Matrix is: \n",
      "[[281 389]\n",
      " [319 211]]\n",
      "Accuracy is:\t41.0\n",
      "Percision is:\t41.9402985075\n",
      "Recall is:\t46.8333333333\n",
      "F1 score is:\t22.125984252\n",
      "...............  K=147  ...............\n",
      "Confusion Matrix is: \n",
      "[[283 389]\n",
      " [317 211]]\n",
      "Accuracy is:\t41.1666666667\n",
      "Percision is:\t42.1130952381\n",
      "Recall is:\t47.1666666667\n",
      "F1 score is:\t22.248427673\n",
      "...............  K=149  ...............\n",
      "Confusion Matrix is: \n",
      "[[280 388]\n",
      " [320 212]]\n",
      "Accuracy is:\t41.0\n",
      "Percision is:\t41.9161676647\n",
      "Recall is:\t46.6666666667\n",
      "F1 score is:\t22.0820189274\n",
      "...............  K=151  ...............\n",
      "Confusion Matrix is: \n",
      "[[283 385]\n",
      " [317 215]]\n",
      "Accuracy is:\t41.5\n",
      "Percision is:\t42.3652694611\n",
      "Recall is:\t47.1666666667\n",
      "F1 score is:\t22.3186119874\n",
      "...............  K=153  ...............\n",
      "Confusion Matrix is: \n",
      "[[281 381]\n",
      " [319 219]]\n",
      "Accuracy is:\t41.6666666667\n",
      "Percision is:\t42.4471299094\n",
      "Recall is:\t46.8333333333\n",
      "F1 score is:\t22.2662440571\n",
      "...............  K=155  ...............\n",
      "Confusion Matrix is: \n",
      "[[277 380]\n",
      " [323 220]]\n",
      "Accuracy is:\t41.4166666667\n",
      "Percision is:\t42.1613394216\n",
      "Recall is:\t46.1666666667\n",
      "F1 score is:\t22.0365950676\n",
      "...............  K=157  ...............\n",
      "Confusion Matrix is: \n",
      "[[275 382]\n",
      " [325 218]]\n",
      "Accuracy is:\t41.0833333333\n",
      "Percision is:\t41.8569254186\n",
      "Recall is:\t45.8333333333\n",
      "F1 score is:\t21.877486078\n",
      "...............  K=159  ...............\n",
      "Confusion Matrix is: \n",
      "[[282 387]\n",
      " [318 213]]\n",
