{
 "cells": [
  {
   "cell_type": "code",
   "execution_count": 1,
   "metadata": {
    "collapsed": false
   },
   "outputs": [],
   "source": [
    "#from jupyterthemes import get_themes\n",
    "#import jupyterthemes as jt\n",
    "#from jupyterthemes.stylefx import set_nb_theme\n",
    "# uncomment and execute line to try a new theme\n",
    "#set_nb_theme('solarizedl')"
   ]
  },
  {
   "cell_type": "code",
   "execution_count": 2,
   "metadata": {
    "collapsed": true
   },
   "outputs": [],
   "source": [
    "import numpy as np\n",
    "import matplotlib.pyplot as plt\n",
    "from matplotlib.legend_handler import HandlerLine2D\n",
    "from numpy.linalg import inv"
   ]
  },
  {
   "cell_type": "code",
   "execution_count": 3,
   "metadata": {
    "collapsed": true
   },
   "outputs": [],
   "source": [
    "cov1 = (np.genfromtxt('DS2_Cov1.txt', delimiter=',',dtype=float))[:,:-1]\n",
    "cov2 = (np.genfromtxt('DS2_Cov2.txt', delimiter=',',dtype=float))[:,:-1]\n",
    "cov3 = (np.genfromtxt('DS2_Cov3.txt', delimiter=',',dtype=float))[:,:-1]\n",
    "\n",
    "c1m1  = (np.genfromtxt('DS2_c1_m1.txt', delimiter=',',dtype=float))[:-1]\n",
    "c1m2  = (np.genfromtxt('DS2_c1_m2.txt', delimiter=',',dtype=float))[:-1]\n",
    "c1m3  = (np.genfromtxt('DS2_c1_m3.txt', delimiter=',',dtype=float))[:-1]\n",
    "c2m1  = (np.genfromtxt('DS2_c2_m1.txt', delimiter=',',dtype=float))[:-1]\n",
    "c2m2  = (np.genfromtxt('DS2_c2_m2.txt', delimiter=',',dtype=float))[:-1]\n",
    "c2m3  = (np.genfromtxt('DS2_c2_m3.txt', delimiter=',',dtype=float))[:-1]\n",
    "\n",
    "c1m1  =  np.array(c1m1).reshape(c1m1.shape[0],1)\n",
    "c1m2  =  np.array(c1m2).reshape(c1m2.shape[0],1)\n",
    "c1m3  =  np.array(c1m3).reshape(c1m3.shape[0],1)\n",
    "c2m1  =  np.array(c2m1).reshape(c2m1.shape[0],1)\n",
    "c2m2  =  np.array(c2m2).reshape(c2m2.shape[0],1)\n",
    "c2m3  =  np.array(c2m3).reshape(c2m3.shape[0],1)\n"
   ]
  },
  {
   "cell_type": "code",
   "execution_count": 17,
   "metadata": {
    "collapsed": false
   },
   "outputs": [
    {
     "name": "stdout",
     "output_type": "stream",
     "text": [
      "(20, 20)\n",
      "(20, 20)\n",
      "(20, 20)\n",
      "[[ 1.  1.  1.  1.  1.  1.  1.  1.  1.  1.  1.  1.  1.  1.  1.  1.  1.  1.\n",
      "   1.  1.]]\n",
      "[[ 0.7  0.7  0.7  0.7  0.7  0.7  0.7  0.7  0.7  0.7  0.7  0.7  0.7  0.7\n",
      "   0.7  0.7  0.7  0.7  0.7  0.7]]\n",
      "[[ 1.3  1.3  1.3  1.3  1.3  1.3  1.3  1.3  1.3  1.3  1.3  1.3  1.3  1.3\n",
      "   1.3  1.3  1.3  1.3  1.3  1.3]]\n",
      "[[ 2.  2.  2.  2.  2.  2.  2.  2.  2.  2.  2.  2.  2.  2.  2.  2.  2.  2.\n",
      "   2.  2.]]\n",
      "[[ 1.7  1.7  1.7  1.7  1.7  1.7  1.7  1.7  1.7  1.7  1.7  1.7  1.7  1.7\n",
      "   1.7  1.7  1.7  1.7  1.7  1.7]]\n",
      "[[ 0.6  0.6  0.6  0.6  0.6  0.6  0.6  0.6  0.6  0.6  0.6  0.6  0.6  0.6\n",
      "   0.6  0.6  0.6  0.6  0.6  0.6]]\n"
     ]
    }
   ],
   "source": [
    "print cov1.shape\n",
    "print cov2.shape\n",
    "print cov3.shape\n",
    "print c1m1.T\n",
    "print c1m2.T\n",
    "print c1m3.T\n",
    "print c2m1.T\n",
    "print c2m2.T\n",
    "print c2m3.T\n"
   ]
  },
  {
   "cell_type": "code",
   "execution_count": 11,
   "metadata": {
    "collapsed": false
   },
   "outputs": [
    {
     "name": "stdout",
     "output_type": "stream",
     "text": [
      "[ 190  799 1011]\n",
      "[ 1.  1.  1. ..., -1. -1. -1.]\n",
      "(1200,)\n",
      "1400\n"
     ]
    }
   ],
   "source": [
    "totalinstaces = 2000;\n",
    "cat_cmp_num = np.random.multinomial(totalinstaces, [0.10, 0.42, 0.48])\n",
    "print cat_cmp_num\n",
    "data11 = np.random.multivariate_normal(c1m1.reshape(20), cov1, cat_cmp_num[0])\n",
    "data12 = np.random.multivariate_normal(c1m2.reshape(20), cov2,cat_cmp_num[1] )\n",
    "data13 = np.random.multivariate_normal(c1m3.reshape(20), cov3,cat_cmp_num[2])\n",
    "data21 = np.random.multivariate_normal(c2m1.reshape(20), cov1,cat_cmp_num[0])\n",
    "data22 = np.random.multivariate_normal(c2m2.reshape(20), cov2,cat_cmp_num[1])\n",
    "data23 = np.random.multivariate_normal(c2m3.reshape(20), cov3,cat_cmp_num[2])\n",
    "\n",
    "threshold = int(totalinstaces*0.3)\n",
    "thresholdD = int(totalinstaces*0.7)\n",
    "x1 = np.concatenate([data11,data12,data13])\n",
    "x2 = np.concatenate([data21,data22,data23])\n",
    "x1= x1[np.random.permutation(x1.shape[0])]\n",
    "x2= x2[np.random.permutation(x2.shape[0])]\n",
    "\n",
    "train  = np.concatenate([x1[threshold:],x2[threshold:]]);\n",
    "trainY = np.array(np.ones(train.shape[0]))\n",
    "trainY[(trainY.shape[0])/2:] = -1;\n",
    "\n",
    "test   = np.concatenate([x1[:threshold],x2[:threshold]]);\n",
    "testY = np.array(np.ones(threshold*2))\n",
    "testY[threshold:] = -1;\n",
    "\n",
    "targets = [1,-1]\n",
    "print trainY\n",
    "print testY.shape\n",
    "print thresholdD"
   ]
  },
  {
   "cell_type": "markdown",
   "metadata": {},
   "source": [
    "## LDA"
   ]
  },
  {
   "cell_type": "code",
   "execution_count": 25,
   "metadata": {
    "collapsed": false
   },
   "outputs": [
    {
     "name": "stdout",
     "output_type": "stream",
     "text": [
      "u1 is \n",
      "[ 1.22134134  1.20901538  1.25394856  1.21971193  1.22796643  1.18397758\n",
      "  1.22095479  1.22839335  1.1116205   1.29659131  1.23941468  1.25915974\n",
      "  1.2347252   1.21382068  1.23451323  1.25785782  1.20007879  1.22414381\n",
      "  1.29244115  1.16712295]\n",
      "u2 is \n",
      "[ 1.08946194  1.02291736  0.98115355  1.02042408  1.00075081  1.08359003\n",
      "  1.04731936  1.04654574  1.07285891  1.02290869  1.01177768  1.02761621\n",
      "  0.99278151  1.01508673  1.00759585  1.06696424  1.03142792  1.07058538\n",
      "  1.01445736  1.07068892]\n",
      "Sigma is \n",
      "[[ 7.78374229  5.30692876  4.51079898  4.96366219  4.37378576  5.58183596\n",
      "   5.8279646   5.6683629   4.5839495   5.2768642   5.5122976   4.94775318\n",
      "   4.98567385  6.00187579  5.43143903  5.70494169  5.30719583  5.60408377\n",
      "   5.56457357  5.79625895]\n",
      " [ 5.30692876  7.14976454  4.73092452  5.14265781  5.05008375  6.01081324\n",
      "   6.39924216  5.39847152  4.52702488  4.94058918  4.74338365  4.8807143\n",
      "   4.8495857   5.95355824  5.59910838  5.96655492  5.04563559  5.15902161\n",
      "   6.09594691  5.60263612]\n",
      " [ 4.51079898  4.73092452  6.60043693  5.00153839  4.66085082  4.72649363\n",
      "   5.88945882  4.50483612  4.49933635  4.58212445  4.62099938  4.85036435\n",
      "   4.89438916  5.8887075   5.21751438  4.79079018  5.20880383  4.40353835\n",
      "   5.65629149  5.6526348 ]\n",
      " [ 4.96366219  5.14265781  5.00153839  6.44087371  4.15885615  5.49359426\n",
      "   6.11410396  5.34919577  4.69179861  5.26570503  4.79247295  4.65033759\n",
      "   4.80464011  5.38065917  5.2177618   5.27334475  5.06820003  5.15595566\n",
      "   5.73198437  5.60710663]\n",
      " [ 4.37378576  5.05008375  4.66085082  4.15885615  5.70736242  4.73115464\n",
      "   5.07636563  4.56578644  3.67679808  3.94221474  3.72738838  4.11223156\n",
      "   4.17185061  4.76207359  5.23906093  4.97782123  4.2037126   4.66872792\n",
      "   5.31132994  4.9628203 ]\n",
      " [ 5.58183596  6.01081324  4.72649363  5.49359426  4.73115464  7.8669046\n",
      "   6.68483247  5.30000425  5.4911439   5.40589701  4.72236011  4.8469256\n",
      "   5.30350628  6.31325475  5.69122154  5.93730625  5.41101011  5.51446963\n",
      "   6.54958958  6.07944718]\n",
      " [ 5.8279646   6.39924216  5.88945882  6.11410396  5.07636563  6.68483247\n",
      "   8.45239874  6.00891842  5.85856226  6.01895336  5.77836359  5.66085901\n",
      "   5.53610872  6.85198554  5.95719471  6.25565696  5.80726388  5.7274452\n",
      "   7.15419416  6.25308108]\n",
      " [ 5.6683629   5.39847152  4.50483612  5.34919577  4.56578644  5.30000425\n",
      "   6.00891842  6.58298775  4.64789493  5.01585086  4.60092083  4.71599019\n",
      "   4.28174465  5.44620307  5.31692106  5.39714118  4.84366266  5.77965416\n",
      "   5.62092152  5.43630533]\n",
      " [ 4.5839495   4.52702488  4.49933635  4.69179861  3.67679808  5.4911439\n",
      "   5.85856226  4.64789493  5.96673635  4.54004707  4.235524    4.25788668\n",
      "   4.28093422  4.9922387   4.67245814  4.47466085  4.54192902  4.66708593\n",
      "   4.87751202  4.70587737]\n",
      " [ 5.2768642   4.94058918  4.58212445  5.26570503  3.94221474  5.40589701\n",
      "   6.01895336  5.01585086  4.54004707  6.6401486   4.54188571  4.41706397\n",
      "   4.71726614  5.52661592  5.00310283  5.02324188  4.86388511  4.51164471\n",
      "   6.00696641  5.13613119]\n",
      " [ 5.5122976   4.74338365  4.62099938  4.79247295  3.72738838  4.72236011\n",
      "   5.77836359  4.60092083  4.235524    4.54188571  5.99830346  4.96816138\n",
      "   4.53395479  5.08062725  4.97378932  4.71006599  4.76789341  4.68988354\n",
      "   5.50974987  5.17135491]\n",
      " [ 4.94775318  4.8807143   4.85036435  4.65033759  4.11223156  4.8469256\n",
      "   5.66085901  4.71599019  4.25788668  4.41706397  4.96816138  6.37692775\n",
      "   4.41265377  5.32350523  5.30974744  4.97015412  5.0999456   4.92427317\n",
      "   5.47973208  5.0813911 ]\n",
      " [ 4.98567385  4.8495857   4.89438916  4.80464011  4.17185061  5.30350628\n",
      "   5.53610872  4.28174465  4.28093422  4.71726614  4.53395479  4.41265377\n",
      "   6.07942161  5.36276652  5.43416504  5.24364911  5.00213932  4.66177319\n",
      "   5.65636592  5.23297765]\n",
      " [ 6.00187579  5.95355824  5.8887075   5.38065917  4.76207359  6.31325475\n",
      "   6.85198554  5.44620307  4.9922387   5.52661592  5.08062725  5.32350523\n",
      "   5.36276652  8.045289    5.83428037  5.72778465  6.09630691  4.69336932\n",
      "   6.23190401  6.21595547]\n",
      " [ 5.43143903  5.59910838  5.21751438  5.2177618   5.23906093  5.69122154\n",
      "   5.95719471  5.31692106  4.67245814  5.00310283  4.97378932  5.30974744\n",
      "   5.43416504  5.83428037  7.1824142   5.50257137  5.34600964  5.47951934\n",
      "   5.94165663  6.09277693]\n",
      " [ 5.70494169  5.96655492  4.79079018  5.27334475  4.97782123  5.93730625\n",
      "   6.25565696  5.39714118  4.47466085  5.02324188  4.71006599  4.97015412\n",
      "   5.24364911  5.72778465  5.50257137  6.73787346  5.17571043  5.71740041\n",
      "   6.17659364  5.73051391]\n",
      " [ 5.30719583  5.04563559  5.20880383  5.06820003  4.2037126   5.41101011\n",
      "   5.80726388  4.84366266  4.54192902  4.86388511  4.76789341  5.0999456\n",
      "   5.00213932  6.09630691  5.34600964  5.17571043  6.62430813  4.62958247\n",
      "   5.57427368  6.02449846]\n",
      " [ 5.60408377  5.15902161  4.40353835  5.15595566  4.66872792  5.51446963\n",
      "   5.7274452   5.77965416  4.66708593  4.51164471  4.68988354  4.92427317\n",
      "   4.66177319  4.69336932  5.47951934  5.71740041  4.62958247  7.03551871\n",
      "   5.62779385  5.42059304]\n",
      " [ 5.56457357  6.09594691  5.65629149  5.73198437  5.31132994  6.54958958\n",
      "   7.15419416  5.62092152  4.87751202  6.00696641  5.50974987  5.47973208\n",
      "   5.65636592  6.23190401  5.94165663  6.17659364  5.57427368  5.62779385\n",
      "   8.26454312  6.30525413]\n",
      " [ 5.79625895  5.60263612  5.6526348   5.60710663  4.9628203   6.07944718\n",
      "   6.25308108  5.43630533  4.70587737  5.13613119  5.17135491  5.0813911\n",
      "   5.23297765  6.21595547  6.09277693  5.73051391  6.02449846  5.42059304\n",
      "   6.30525413  7.80974803]]\n"
     ]
    }
   ],
   "source": [
    "targets = np.unique(trainY)\n",
    "N1 = trainY[trainY==targets[0]].shape[0]\n",
    "N2 = trainY[trainY==targets[1]].shape[0]\n",
    "N  = N1+N2\n",
    "\n",
    "u1 = np.sum(train[trainY==targets[0]], axis=0)/N1\n",
    "u2 = np.sum(train[trainY==targets[1]], axis=0)/N2\n",
    "\n",
    "temp = train[thresholdD:];\n",
    "S1   = np.dot((temp-u1).T,(temp-u1))/N1\n",
    "temp = train[:thresholdD];\n",
    "S2   = np.dot((temp-u2).T,(temp-u2))/N2\n",
    "Sigma= (float(N1)/N)*S1 + (float(N2)/N)*S2\n",
    "\n",
    "myX0 = np.random.multivariate_normal(u1.reshape(20), Sigma, N1)\n",
    "myX1 = np.random.multivariate_normal(u2.reshape(20), Sigma, N2)\n",
    "\n",
    "w   =     np.dot(inv(Sigma),(u1-u2))\n",
    "w0 = -0.5*np.dot(np.dot(u1,inv(Sigma)),u1) + 0.5*np.dot(np.dot(u2,inv(Sigma)),u2)\n",
    "\n",
    "a       = np.dot(train,w) +w0\n",
    "softmax = 1./ (1.+np.exp(-a))\n",
    "\n",
    "result = softmax >0.5\n",
    "result = (result-0.5)*2\n",
    "compare = trainY == result\n",
    "\n",
    "print \"u1 is \\n\",u1\n",
    "print \"u2 is \\n\",u2\n",
    "print \"Sigma is \\n\", Sigma"
   ]
  },
  {
   "cell_type": "markdown",
   "metadata": {},
   "source": [
    "### Computing error of training set"
   ]
  },
  {
   "cell_type": "code",
   "execution_count": 26,
   "metadata": {
    "collapsed": false,
    "scrolled": true
   },
   "outputs": [
    {
     "name": "stdout",
     "output_type": "stream",
     "text": [
      "Confusion Matrix is: \n",
      "[[632 779]\n",
      " [768 621]] \n",
      "\n",
      "Accuracy is:\n",
      "0.4475 \n",
      "\n",
      "Percision is:\n",
      "0.447909284196 \n",
      "\n",
      "Recall is:\n",
      "0.451428571429 \n",
      "\n",
      "F1 is:\n",
      "0.224831020989 \n",
      "\n"
     ]
    }
   ],
   "source": [
    "TP = np.count_nonzero((result==1) & (trainY==1))\n",
    "TN = np.count_nonzero((result==-1) & (trainY==-1))\n",
    "FP = np.count_nonzero((result==1) & (trainY==-1))\n",
    "FN = np.count_nonzero((result==-1) & (trainY==1))\n",
    "\n",
    "confusionMatrix = np.array([[TP,FP],[FN,TN]])\n",
    "print \"Confusion Matrix is: \\n\" , confusionMatrix ,'\\n'\n",
    "\n",
    "Accuracy  = float((TP+TN))/(TP+TN + FP+FN)\n",
    "Percision = float(TP) / (TP+FP) \n",
    "Recall    = float(TP) / (TP+FN) \n",
    "F1        = Percision*Recall / (Percision +Recall)\n",
    "print \"Accuracy is:\\n\", Accuracy ,'\\n'\n",
    "print \"Percision is:\\n\", Percision ,'\\n'\n",
    "print \"Recall is:\\n\", Recall ,'\\n'\n",
    "print \"F1 is:\\n\", F1 ,'\\n'\n",
    "\n",
    "\n"
   ]
  },
  {
   "cell_type": "markdown",
   "metadata": {},
   "source": [
    "## Evaluating on testset"
   ]
  },
  {
   "cell_type": "code",
   "execution_count": 50,
   "metadata": {
    "collapsed": false
   },
   "outputs": [
    {
     "name": "stdout",
     "output_type": "stream",
     "text": [
      "Confusion Matrix is: \n",
      "[[299 298]\n",
      " [301 302]] \n",
      "\n",
      "Accuracy is:\n",
      "0.500833333333 \n",
      "\n",
      "Percision is:\n",
      "0.500837520938 \n",
      "\n",
      "Recall is:\n",
      "0.498333333333 \n",
      "\n",
      "F1 is:\n",
      "0.249791144528 \n",
      "\n"
     ]
    }
   ],
   "source": [
    "a       = np.dot(test,w) +w0\n",
    "softmax = 1./ (1.+np.exp(-a))\n",
    "\n",
    "result = softmax >0.5\n",
    "result = (result-0.5)*2\n",
    "compare = testY == result\n",
    "\n",
    "\n",
    "\n",
    "TP = np.count_nonzero((result==1) & (testY==1))\n",
    "TN = np.count_nonzero((result==-1) & (testY==-1))\n",
    "FP = np.count_nonzero((result==1) & (testY==-1))\n",
    "FN = np.count_nonzero((result==-1) & (testY==1))\n",
    "\n",
    "confusionMatrix = np.array([[TP,FP],[FN,TN]])\n",
    "print \"Confusion Matrix is: \\n\" , confusionMatrix ,'\\n'\n",
    "\n",
    "Accuracy  = float((TP+TN))/(TP+TN + FP+FN)\n",
    "Percision = float(TP) / (TP+FP) \n",
    "Recall    = float(TP) / (TP+FN) \n",
    "F1        = Percision*Recall / (Percision +Recall)\n",
    "print \"Accuracy is:\\n\", Accuracy ,'\\n'\n",
    "print \"Percision is:\\n\", Percision ,'\\n'\n",
    "print \"Recall is:\\n\", Recall ,'\\n'\n",
    "print \"F1 is:\\n\", F1 ,'\\n'"
   ]
  },
  {
   "cell_type": "markdown",
   "metadata": {},
   "source": [
    "## Writing DS1.csv"
   ]
  },
  {
   "cell_type": "code",
   "execution_count": 27,
   "metadata": {
    "collapsed": false
   },
   "outputs": [
    {
     "name": "stdout",
     "output_type": "stream",
     "text": [
      "(1200, 20)\n",
      "(1200, 1)\n"
     ]
    }
   ],
   "source": [
    "print test.shape\n",
    "print testY.reshape(testY.shape[0],1).shape\n",
    "\n",
    "DS2 = np.concatenate((test, testY.reshape(testY.shape[0],1)), axis=1)\n",
    "np.savetxt('DS2.csv', DS2, delimiter=',')"
   ]
  },
  {
   "cell_type": "markdown",
   "metadata": {},
   "source": [
    "## W and W0"
   ]
  },
  {
   "cell_type": "code",
   "execution_count": 28,
   "metadata": {
    "collapsed": false
   },
   "outputs": [
    {
     "name": "stdout",
     "output_type": "stream",
     "text": [
      "w0 is: \n",
      "-0.0763385395598\n",
      "\n",
      "w is \n",
      "[-0.05700716 -0.00404328  0.05853102 -0.01286917  0.03771919  0.01563895\n",
      " -0.0543444   0.04700332 -0.07731171  0.07378445  0.07728917  0.01308435\n",
      "  0.04122218  0.00027036 -0.00748083  0.00349172  0.00119578 -0.00110821\n",
      " -0.01307213 -0.07670895]\n"
     ]
    }
   ],
   "source": [
    "print \"w0 is: \\n\", w0\n",
    "print\n",
    "print \"w is \\n\", w"
   ]
  },
  {
   "cell_type": "markdown",
   "metadata": {},
   "source": [
    "## KNN"
   ]
  },
  {
   "cell_type": "code",
   "execution_count": 29,
   "metadata": {
    "collapsed": true
   },
   "outputs": [],
   "source": [
    "def myKNN(K):\n",
    "    dist       = np.zeros([test.shape[0],K],dtype=float)\n",
    "    indexArr   = np.zeros([test.shape[0],K],dtype=int)\n",
    "    resultKNN  = np.zeros([test.shape[0],1],dtype=int)\n",
    "    targets    = [1,-1]\n",
    "    for i in range(test.shape[0]):\n",
    "        eucludian    = np.sqrt(np.sum((test[i]-train)**2,axis=1))\n",
    "        indexArr[i]  = eucludian.argsort(axis=0)[:K];\n",
    "        dist[i]      = eucludian[indexArr[i]]\n",
    "        majority     = np.count_nonzero(trainY[indexArr[i]]==1)\n",
    "        resultKNN[i] = targets[(2*majority -K )>0]\n",
    "    return resultKNN"
   ]
  },
  {
   "cell_type": "code",
   "execution_count": 30,
   "metadata": {
    "collapsed": true
   },
   "outputs": [],
   "source": [
    "def computeAccuracy(resultKNN,testY,showResults):\n",
    "    testY = testY.reshape(testY.shape[0],1);\n",
    "    TP = np.count_nonzero((resultKNN==1)  & (testY== 1))\n",
    "    TN = np.count_nonzero((resultKNN==-1) & (testY==-1))\n",
    "    FP = np.count_nonzero((resultKNN==1)  & (testY==-1))\n",
    "    FN = np.count_nonzero((resultKNN==-1) & (testY== 1))\n",
    "\n",
    "    confusionMatrix = np.array([[TP,FP],[FN,TN]])\n",
    "    \n",
    "\n",
    "    Accuracy  = float((TP+TN))/(TP+TN + FP+FN)*100\n",
    "    Percision = float(TP) / (TP+FP) *100\n",
    "    Recall    = float(TP) / (TP+FN) *100\n",
    "    F1        = Percision*Recall / (Percision +Recall)\n",
    "    if showResults:\n",
    "        print \"Confusion Matrix is: \\n\" , confusionMatrix \n",
    "        print \"Accuracy is:\\t\", Accuracy \n",
    "        print \"Percision is:\\t\", Percision \n",
    "        print \"Recall is:\\t\", Recall \n",
    "        print \"F1 score is:\\t\", F1\n",
    "    return [confusionMatrix,Accuracy,Percision,Recall,F1]"
   ]
  },
  {
   "cell_type": "code",
   "execution_count": 38,
   "metadata": {
    "collapsed": false
   },
   "outputs": [
    {
     "name": "stdout",
     "output_type": "stream",
     "text": [
      "...............  K=2  ...............\n",
      "...............  K=3  ...............\n",
      "...............  K=4  ...............\n",
      "...............  K=5  ...............\n",
      "...............  K=6  ...............\n",
      "...............  K=7  ...............\n",
      "...............  K=8  ...............\n",
      "...............  K=9  ...............\n",
      "...............  K=10  ...............\n",
      "...............  K=11  ...............\n",
      "...............  K=12  ...............\n",
      "...............  K=13  ...............\n",
      "...............  K=14  ...............\n",
      "...............  K=15  ...............\n",
      "...............  K=16  ...............\n",
      "...............  K=17  ...............\n",
      "...............  K=18  ...............\n",
      "...............  K=19  ...............\n",
      "...............  K=20  ...............\n",
      "...............  K=21  ...............\n",
      "...............  K=22  ...............\n",
      "...............  K=23  ...............\n",
      "...............  K=24  ...............\n",
      "...............  K=25  ...............\n",
      "...............  K=26  ...............\n",
      "...............  K=27  ...............\n",
      "...............  K=28  ...............\n",
      "...............  K=29  ...............\n",
      "...............  K=30  ...............\n",
      "...............  K=31  ...............\n",
      "...............  K=32  ...............\n",
      "...............  K=33  ...............\n",
      "...............  K=34  ...............\n",
      "...............  K=35  ...............\n",
      "...............  K=36  ...............\n",
      "...............  K=37  ...............\n",
      "...............  K=38  ...............\n",
      "...............  K=39  ...............\n",
      "...............  K=40  ...............\n",
      "...............  K=41  ...............\n",
      "...............  K=42  ...............\n",
      "...............  K=43  ...............\n",
      "...............  K=44  ...............\n",
      "...............  K=45  ...............\n",
      "...............  K=46  ...............\n",
      "...............  K=47  ...............\n",
      "...............  K=48  ...............\n",
      "...............  K=49  ...............\n",
      "...............  K=50  ...............\n",
      "...............  K=51  ...............\n",
      "...............  K=52  ...............\n",
      "...............  K=53  ...............\n",
      "...............  K=54  ...............\n",
      "...............  K=55  ...............\n",
      "...............  K=56  ...............\n",
      "...............  K=57  ...............\n",
      "...............  K=58  ...............\n",
      "...............  K=59  ...............\n",
      "...............  K=60  ...............\n",
      "...............  K=61  ...............\n",
      "...............  K=62  ...............\n",
      "...............  K=63  ...............\n",
      "...............  K=64  ...............\n",
      "...............  K=65  ...............\n",
      "...............  K=66  ...............\n",
      "...............  K=67  ...............\n",
      "...............  K=68  ...............\n",
      "...............  K=69  ...............\n",
      "...............  K=70  ...............\n",
      "...............  K=71  ...............\n",
      "...............  K=72  ...............\n",
      "...............  K=73  ...............\n",
      "...............  K=74  ...............\n",
      "...............  K=75  ...............\n",
      "...............  K=76  ...............\n",
      "...............  K=77  ...............\n",
      "...............  K=78  ...............\n",
      "...............  K=79  ...............\n",
      "...............  K=80  ...............\n",
      "...............  K=81  ...............\n",
      "...............  K=82  ...............\n",
      "...............  K=83  ...............\n",
      "...............  K=84  ...............\n",
      "...............  K=85  ...............\n",
      "...............  K=86  ...............\n",
      "...............  K=87  ...............\n",
      "...............  K=88  ...............\n",
      "...............  K=89  ...............\n",
      "...............  K=90  ...............\n",
      "...............  K=91  ...............\n",
      "...............  K=92  ...............\n",
      "...............  K=93  ...............\n",
      "...............  K=94  ...............\n",
      "...............  K=95  ...............\n",
      "...............  K=96  ...............\n",
      "...............  K=97  ...............\n",
      "...............  K=98  ...............\n",
      "...............  K=99  ...............\n",
      "...............  K=100  ...............\n",
      "...............  K=101  ...............\n",
      "...............  K=102  ...............\n",
      "...............  K=103  ...............\n",
      "...............  K=104  ...............\n",
      "...............  K=105  ...............\n",
      "...............  K=106  ...............\n",
      "...............  K=107  ...............\n",
      "...............  K=108  ...............\n",
      "...............  K=109  ...............\n",
      "...............  K=110  ...............\n",
      "...............  K=111  ...............\n",
      "...............  K=112  ...............\n",
      "...............  K=113  ...............\n",
      "...............  K=114  ...............\n",
      "...............  K=115  ...............\n",
      "...............  K=116  ...............\n",
      "...............  K=117  ...............\n",
      "...............  K=118  ...............\n",
      "...............  K=119  ...............\n",
      "...............  K=120  ...............\n",
      "...............  K=121  ...............\n",
      "...............  K=122  ...............\n",
      "...............  K=123  ...............\n",
      "...............  K=124  ...............\n",
      "...............  K=125  ...............\n",
      "...............  K=126  ...............\n",
      "...............  K=127  ...............\n",
      "...............  K=128  ...............\n",
      "...............  K=129  ...............\n",
      "...............  K=130  ...............\n",
      "...............  K=131  ...............\n",
      "...............  K=132  ...............\n",
      "...............  K=133  ...............\n",
      "...............  K=134  ...............\n",
      "...............  K=135  ...............\n",
      "...............  K=136  ...............\n",
      "...............  K=137  ...............\n",
      "...............  K=138  ...............\n",
      "...............  K=139  ...............\n",
      "...............  K=140  ...............\n",
      "...............  K=141  ...............\n",
      "...............  K=142  ...............\n",
      "...............  K=143  ...............\n",
      "...............  K=144  ...............\n",
      "...............  K=145  ...............\n",
      "...............  K=146  ...............\n",
      "...............  K=147  ...............\n",
      "...............  K=148  ...............\n",
      "...............  K=149  ...............\n",
      "...............  K=150  ...............\n",
      "...............  K=151  ...............\n",
      "...............  K=152  ...............\n",
      "...............  K=153  ...............\n",
      "...............  K=154  ...............\n",
      "...............  K=155  ...............\n",
      "...............  K=156  ...............\n",
      "...............  K=157  ...............\n",
      "...............  K=158  ...............\n",
      "...............  K=159  ...............\n",
      "...............  K=160  ...............\n",
      "...............  K=161  ...............\n",
      "...............  K=162  ...............\n",
      "...............  K=163  ...............\n",
      "...............  K=164  ...............\n",
      "...............  K=165  ...............\n",
      "...............  K=166  ...............\n",
      "...............  K=167  ...............\n",
      "...............  K=168  ...............\n",
      "...............  K=169  ...............\n",
      "...............  K=170  ...............\n",
      "...............  K=171  ...............\n",
      "...............  K=172  ...............\n",
      "...............  K=173  ...............\n",
      "...............  K=174  ...............\n",
      "...............  K=175  ...............\n",
      "...............  K=176  ...............\n",
      "...............  K=177  ...............\n",
      "...............  K=178  ...............\n",
      "...............  K=179  ...............\n",
      "...............  K=180  ...............\n",
      "...............  K=181  ...............\n",
      "...............  K=182  ...............\n",
      "...............  K=183  ...............\n",
      "...............  K=184  ...............\n",
      "...............  K=185  ...............\n",
      "...............  K=186  ...............\n",
      "...............  K=187  ...............\n",
      "...............  K=188  ...............\n",
      "...............  K=189  ...............\n",
      "...............  K=190  ...............\n",
      "...............  K=191  ...............\n",
      "...............  K=192  ...............\n",
      "...............  K=193  ...............\n",
      "...............  K=194  ...............\n",
      "...............  K=195  ...............\n",
      "...............  K=196  ...............\n",
      "...............  K=197  ...............\n",
      "...............  K=198  ...............\n",
      "...............  K=199  ...............\n",
      "...............  K=200  ...............\n",
      "...............  K=201  ...............\n",
      "...............  K=202  ...............\n",
      "...............  K=203  ...............\n",
      "...............  K=204  ...............\n",
      "...............  K=205  ...............\n",
      "...............  K=206  ...............\n",
      "...............  K=207  ...............\n",
      "...............  K=208  ...............\n",
      "...............  K=209  ...............\n",
      "...............  K=210  ...............\n",
      "...............  K=211  ...............\n",
      "...............  K=212  ...............\n",
      "...............  K=213  ...............\n",
      "...............  K=214  ...............\n",
      "...............  K=215  ...............\n",
      "...............  K=216  ...............\n",
      "...............  K=217  ...............\n",
      "...............  K=218  ...............\n",
      "...............  K=219  ...............\n",
      "...............  K=220  ...............\n",
      "...............  K=221  ...............\n",
      "...............  K=222  ...............\n",
      "...............  K=223  ...............\n",
      "...............  K=224  ...............\n",
      "...............  K=225  ...............\n",
      "...............  K=226  ...............\n",
      "...............  K=227  ...............\n",
      "...............  K=228  ...............\n",
      "...............  K=229  ...............\n",
      "...............  K=230  ...............\n",
      "...............  K=231  ...............\n",
      "...............  K=232  ...............\n",
      "...............  K=233  ...............\n",
      "...............  K=234  ...............\n",
      "...............  K=235  ...............\n",
      "...............  K=236  ...............\n",
      "...............  K=237  ...............\n",
      "...............  K=238  ...............\n",
      "...............  K=239  ...............\n",
      "...............  K=240  ...............\n",
      "...............  K=241  ...............\n",
      "...............  K=242  ...............\n",
      "...............  K=243  ...............\n",
      "...............  K=244  ...............\n",
      "...............  K=245  ...............\n",
      "...............  K=246  ...............\n",
      "...............  K=247  ...............\n",
      "...............  K=248  ...............\n",
      "...............  K=249  ...............\n",
      "...............  K=250  ...............\n",
      "...............  K=251  ...............\n",
      "...............  K=252  ...............\n",
      "...............  K=253  ...............\n",
      "...............  K=254  ...............\n",
      "...............  K=255  ...............\n",
      "...............  K=256  ...............\n",
      "...............  K=257  ...............\n",
      "...............  K=258  ...............\n",
      "...............  K=259  ...............\n",
      "...............  K=260  ...............\n",
      "...............  K=261  ...............\n",
      "...............  K=262  ...............\n",
      "...............  K=263  ...............\n",
      "...............  K=264  ...............\n",
      "...............  K=265  ...............\n",
      "...............  K=266  ...............\n",
      "...............  K=267  ...............\n",
      "...............  K=268  ...............\n",
      "...............  K=269  ...............\n",
      "...............  K=270  ...............\n",
      "...............  K=271  ...............\n",
      "...............  K=272  ...............\n",
      "...............  K=273  ...............\n",
      "...............  K=274  ...............\n",
      "...............  K=275  ...............\n",
      "...............  K=276  ...............\n",
      "...............  K=277  ...............\n",
      "...............  K=278  ...............\n",
      "...............  K=279  ...............\n",
      "...............  K=280  ...............\n",
      "...............  K=281  ...............\n",
      "...............  K=282  ...............\n",
      "...............  K=283  ...............\n",
      "...............  K=284  ...............\n",
      "...............  K=285  ...............\n",
      "...............  K=286  ...............\n",
      "...............  K=287  ...............\n",
      "...............  K=288  ...............\n",
      "...............  K=289  ...............\n",
      "...............  K=290  ...............\n",
      "...............  K=291  ...............\n",
      "...............  K=292  ...............\n",
      "...............  K=293  ...............\n",
      "...............  K=294  ...............\n",
      "...............  K=295  ...............\n",
      "...............  K=296  ...............\n",
      "...............  K=297  ...............\n",
      "...............  K=298  ...............\n",
      "...............  K=299  ...............\n",
      "...............  K=300  ...............\n",
      "...............  K=301  ...............\n",
      "...............  K=302  ...............\n",
      "...............  K=303  ...............\n",
      "...............  K=304  ...............\n",
      "...............  K=305  ...............\n",
      "...............  K=306  ...............\n",
      "...............  K=307  ...............\n",
      "...............  K=308  ...............\n",
      "...............  K=309  ...............\n",
      "...............  K=310  ...............\n",
      "...............  K=311  ...............\n",
      "...............  K=312  ...............\n",
      "...............  K=313  ...............\n",
      "...............  K=314  ...............\n",
      "...............  K=315  ...............\n",
      "...............  K=316  ...............\n",
      "...............  K=317  ...............\n",
      "...............  K=318  ...............\n",
      "...............  K=319  ...............\n",
      "...............  K=320  ...............\n",
      "...............  K=321  ...............\n",
      "...............  K=322  ...............\n",
      "...............  K=323  ...............\n",
      "...............  K=324  ...............\n",
      "...............  K=325  ...............\n",
      "...............  K=326  ...............\n",
      "...............  K=327  ...............\n",
      "...............  K=328  ...............\n",
      "...............  K=329  ...............\n",
      "...............  K=330  ...............\n",
      "...............  K=331  ...............\n",
      "...............  K=332  ...............\n",
      "...............  K=333  ...............\n",
      "...............  K=334  ...............\n",
      "...............  K=335  ...............\n",
      "...............  K=336  ...............\n",
      "...............  K=337  ...............\n",
      "...............  K=338  ...............\n",
      "...............  K=339  ...............\n",
      "...............  K=340  ...............\n",
      "...............  K=341  ...............\n",
      "...............  K=342  ...............\n",
      "...............  K=343  ...............\n",
      "...............  K=344  ...............\n",
      "...............  K=345  ...............\n",
      "...............  K=346  ...............\n",
      "...............  K=347  ...............\n",
      "...............  K=348  ...............\n",
      "...............  K=349  ...............\n",
      "...............  K=350  ...............\n",
      "...............  K=351  ...............\n",
      "...............  K=352  ...............\n",
      "...............  K=353  ...............\n",
      "...............  K=354  ...............\n",
      "...............  K=355  ...............\n",
      "...............  K=356  ...............\n",
      "...............  K=357  ...............\n",
      "...............  K=358  ...............\n",
      "...............  K=359  ...............\n",
      "...............  K=360  ...............\n",
      "...............  K=361  ...............\n",
      "...............  K=362  ...............\n",
      "...............  K=363  ...............\n",
      "...............  K=364  ...............\n",
      "...............  K=365  ...............\n",
      "...............  K=366  ...............\n",
      "...............  K=367  ...............\n",
      "...............  K=368  ...............\n",
      "...............  K=369  ...............\n",
      "...............  K=370  ...............\n",
      "...............  K=371  ...............\n",
      "...............  K=372  ...............\n",
      "...............  K=373  ...............\n",
      "...............  K=374  ...............\n",
      "...............  K=375  ...............\n",
      "...............  K=376  ...............\n",
      "...............  K=377  ...............\n",
      "...............  K=378  ...............\n",
      "...............  K=379  ...............\n",
      "...............  K=380  ...............\n",
      "...............  K=381  ...............\n",
      "...............  K=382  ...............\n",
      "...............  K=383  ...............\n",
      "...............  K=384  ...............\n",
      "...............  K=385  ...............\n",
      "...............  K=386  ...............\n",
      "...............  K=387  ...............\n",
      "...............  K=388  ...............\n",
      "...............  K=389  ...............\n",
      "...............  K=390  ...............\n",
      "...............  K=391  ...............\n",
      "...............  K=392  ...............\n",
      "...............  K=393  ...............\n",
      "...............  K=394  ...............\n",
      "...............  K=395  ...............\n",
      "...............  K=396  ...............\n",
      "...............  K=397  ...............\n",
      "...............  K=398  ...............\n",
      "...............  K=399  ...............\n",
      "...............  K=400  ...............\n",
      "...............  K=401  ...............\n",
      "...............  K=402  ...............\n",
